match_year,match_round,home_team,away_team,ht_win_pred_transfer,draw_pred_transfer,at_win_pred_transfer
2015,1,Bayern Munich,Hamburger SV,97.7,1.7,0.6
2015,1,FC Augsburg,Hertha BSC,73.5,20.6,5.8
2015,1,FSV Mainz,FC Ingolstadt,79.0,16.3,4.7
2015,1,SV Darmstadt,Hannover,22.3,37.0,40.7
2015,1,Bay Leverkusen,TSG Hoffenheim,86.9,10.7,2.4
2015,1,Werder Bremen,FC Schalke,18.4,31.3,50.4
2015,1,Bor Dortmund,Bor M gladbach,47.1,36.0,17.0
2015,1,VfL Wolfsburg,E Frankfurt,95.7,3.1,1.3
2015,1,VfB Stuttgart,FC K ln,45.2,34.6,20.2
2015,2,Hertha BSC,Werder Bremen,37.2,35.0,27.8
2015,2,TSG Hoffenheim,Bayern Munich,0.9,2.3,96.7
2015,2,Hannover,Bay Leverkusen,4.2,14.6,81.2
2015,2,FC K ln,VfL Wolfsburg,4.9,18.3,76.9
2015,2,E Frankfurt,FC Augsburg,55.4,32.9,11.6
2015,2,FC Schalke,SV Darmstadt,96.6,2.4,1.0
2015,2,Hamburger SV,VfB Stuttgart,21.2,31.1,47.7
2015,2,FC Ingolstadt,Bor Dortmund,1.3,3.3,95.4
2015,2,Bor M gladbach,FSV Mainz,91.7,6.4,1.9
2015,3,VfL Wolfsburg,FC Schalke,56.4,27.1,16.5
2015,3,FC Augsburg,FC Ingolstadt,77.7,17.1,5.2
2015,3,SV Darmstadt,TSG Hoffenheim,15.0,26.9,58.1
2015,3,FSV Mainz,Hannover,71.6,22.4,6.0
2015,3,FC K ln,Hamburger SV,73.5,18.4,8.1
2015,3,VfB Stuttgart,E Frankfurt,60.3,22.9,16.8
2015,3,Bayern Munich,Bay Leverkusen,83.2,12.6,4.3
2015,3,Bor Dortmund,Hertha BSC,97.2,1.7,1.1
2015,3,Werder Bremen,Bor M gladbach,14.6,30.0,55.4
2015,4,Bor M gladbach,Hamburger SV,84.2,10.8,5.1
2015,4,Bayern Munich,FC Augsburg,98.7,0.9,0.3
2015,4,FC Ingolstadt,VfL Wolfsburg,1.1,6.0,92.9
2015,4,Hertha BSC,VfB Stuttgart,40.4,38.0,21.6
2015,4,Hannover,Bor Dortmund,1.5,3.5,95.0
2015,4,Bay Leverkusen,SV Darmstadt,95.7,3.6,0.7
2015,4,E Frankfurt,FC K ln,36.1,44.8,19.2
2015,4,TSG Hoffenheim,Werder Bremen,52.7,29.1,18.2
2015,4,FC Schalke,FSV Mainz,71.5,17.7,10.8
2015,5,FSV Mainz,TSG Hoffenheim,62.6,25.7,11.8
2015,5,SV Darmstadt,Bayern Munich,0.8,1.7,97.5
2015,5,FC K ln,Bor M gladbach,45.2,31.9,22.9
2015,5,Werder Bremen,FC Ingolstadt,77.1,17.6,5.2
2015,5,Hamburger SV,E Frankfurt,24.7,28.2,47.1
2015,5,VfL Wolfsburg,Hertha BSC,95.1,3.8,1.1
2015,5,VfB Stuttgart,FC Schalke,16.4,22.0,61.6
2015,5,Bor Dortmund,Bay Leverkusen,78.1,16.7,5.2
2015,5,FC Augsburg,Hannover,69.0,22.1,8.9
2015,6,Bayern Munich,VfL Wolfsburg,85.3,10.7,4.1
2015,6,SV Darmstadt,Werder Bremen,20.4,39.5,40.1
2015,6,FC Ingolstadt,Hamburger SV,41.1,34.0,24.9
2015,6,Hertha BSC,FC K ln,33.0,32.7,34.3
2015,6,TSG Hoffenheim,Bor Dortmund,2.3,3.6,94.2
2015,6,Hannover,VfB Stuttgart,25.0,26.7,48.3
2015,6,Bor M gladbach,FC Augsburg,59.4,19.2,21.4
2015,6,Bay Leverkusen,FSV Mainz,81.8,11.6,6.6
2015,6,FC Schalke,E Frankfurt,70.2,18.7,11.1
2015,7,FC K ln,FC Ingolstadt,66.0,25.8,8.2
2015,7,FSV Mainz,Bayern Munich,1.2,1.9,96.9
2015,7,Werder Bremen,Bay Leverkusen,12.8,21.8,65.4
2015,7,FC Augsburg,TSG Hoffenheim,58.0,27.1,14.9
2015,7,VfB Stuttgart,Bor M gladbach,27.3,31.3,41.4
2015,7,VfL Wolfsburg,Hannover,97.8,1.5,0.7
2015,7,Hamburger SV,FC Schalke,18.3,28.5,53.2
2015,7,E Frankfurt,Hertha BSC,76.2,15.7,8.2
2015,7,Bor Dortmund,SV Darmstadt,98.3,1.3,0.4
2015,8,SV Darmstadt,FSV Mainz,31.5,40.2,28.3
2015,8,FC Ingolstadt,E Frankfurt,22.3,32.3,45.4
2015,8,TSG Hoffenheim,VfB Stuttgart,57.6,21.5,20.9
2015,8,Hertha BSC,Hamburger SV,56.0,25.7,18.3
2015,8,Hannover,Werder Bremen,23.8,27.5,48.7
2015,8,Bor M gladbach,VfL Wolfsburg,29.3,30.5,40.2
2015,8,FC Schalke,FC K ln,90.1,7.0,2.9
2015,8,Bayern Munich,Bor Dortmund,78.5,11.4,10.1
2015,8,Bay Leverkusen,FC Augsburg,94.5,3.7,1.8
2015,9,FSV Mainz,Bor Dortmund,4.7,11.5,83.8
2015,9,FC Schalke,Hertha BSC,83.1,12.4,4.5
2015,9,Werder Bremen,Bayern Munich,1.1,1.2,97.8
2015,9,FC Augsburg,SV Darmstadt,57.5,31.3,11.2
2015,9,Hamburger SV,Bay Leverkusen,9.7,16.5,73.8
2015,9,VfL Wolfsburg,TSG Hoffenheim,88.5,9.1,2.4
2015,9,E Frankfurt,Bor M gladbach,22.3,32.1,45.6
2015,9,FC K ln,Hannover,84.1,11.8,4.2
2015,9,VfB Stuttgart,FC Ingolstadt,54.8,22.1,23.2
2015,10,TSG Hoffenheim,Hamburger SV,57.5,24.5,17.9
2015,10,Bayern Munich,FC K ln,97.4,1.6,1.0
2015,10,SV Darmstadt,VfL Wolfsburg,3.6,14.5,81.8
2015,10,FSV Mainz,Werder Bremen,71.3,18.4,10.3
2015,10,Hannover,E Frankfurt,32.3,36.5,31.2
2015,10,Bay Leverkusen,VfB Stuttgart,89.0,7.1,3.9
2015,10,FC Ingolstadt,Hertha BSC,33.0,40.3,26.8
2015,10,Bor Dortmund,FC Augsburg,97.8,1.7,0.6
2015,10,Bor M gladbach,FC Schalke,64.4,23.7,11.8
2015,11,E Frankfurt,Bayern Munich,1.2,1.1,97.7
2015,11,FC Schalke,FC Ingolstadt,87.6,9.6,2.8
2015,11,Hertha BSC,Bor M gladbach,7.6,20.6,71.8
2015,11,FC K ln,TSG Hoffenheim,56.7,26.3,17.0
2015,11,Werder Bremen,Bor Dortmund,3.0,5.1,91.9
2015,11,FC Augsburg,FSV Mainz,50.2,29.1,20.7
2015,11,VfL Wolfsburg,Bay Leverkusen,52.5,32.0,15.5
2015,11,VfB Stuttgart,SV Darmstadt,64.4,18.9,16.7
2015,11,Hamburger SV,Hannover,77.8,16.6,5.6
2015,12,Hannover,Hertha BSC,28.3,35.4,36.3
2015,12,Bayern Munich,VfB Stuttgart,98.7,0.7,0.6
2015,12,FSV Mainz,VfL Wolfsburg,7.2,14.7,78.0
2015,12,TSG Hoffenheim,E Frankfurt,47.4,31.0,21.6
2015,12,Bor M gladbach,FC Ingolstadt,95.2,3.5,1.3
2015,12,Bay Leverkusen,FC K ln,84.2,11.9,3.9
2015,12,SV Darmstadt,Hamburger SV,34.9,38.2,26.9
2015,12,Bor Dortmund,FC Schalke,90.5,6.8,2.7
2015,12,FC Augsburg,Werder Bremen,49.9,25.5,24.6
2015,13,Hamburger SV,Bor Dortmund,3.5,4.1,92.4
2015,13,FC K ln,FSV Mainz,63.5,28.3,8.1
2015,13,E Frankfurt,Bay Leverkusen,13.1,22.3,64.6
2015,13,VfL Wolfsburg,Werder Bremen,90.2,6.5,3.3
2015,13,Bor M gladbach,Hannover,96.6,2.6,0.8
2015,13,VfB Stuttgart,FC Augsburg,69.6,19.4,11.0
2015,13,FC Schalke,Bayern Munich,2.0,5.7,92.3
2015,13,Hertha BSC,TSG Hoffenheim,72.9,19.6,7.5
2015,13,FC Ingolstadt,SV Darmstadt,38.8,50.0,11.2
2015,14,SV Darmstadt,FC K ln,20.2,37.1,42.7
2015,14,Bayern Munich,Hertha BSC,98.9,0.7,0.4
2015,14,TSG Hoffenheim,Bor M gladbach,5.7,9.9,84.4
2015,14,Hannover,FC Ingolstadt,36.5,33.6,29.9
2015,14,Werder Bremen,Hamburger SV,40.1,26.4,33.5
2015,14,FSV Mainz,E Frankfurt,61.7,28.2,10.1
2015,14,Bor Dortmund,VfB Stuttgart,95.2,3.0,1.8
2015,14,FC Augsburg,VfL Wolfsburg,7.2,11.8,80.9
2015,14,Bay Leverkusen,FC Schalke,64.0,25.0,11.0
2015,15,FC Schalke,Hannover,92.2,5.3,2.5
2015,15,FC Ingolstadt,TSG Hoffenheim,34.9,33.4,31.7
2015,15,Hertha BSC,Bay Leverkusen,19.1,28.9,52.0
2015,15,FC K ln,FC Augsburg,58.5,26.8,14.7
2015,15,Hamburger SV,FSV Mainz,66.5,22.0,11.5
2015,15,Bor M gladbach,Bayern Munich,8.5,15.1,76.4
2015,15,VfL Wolfsburg,Bor Dortmund,21.2,27.8,51.1
2015,15,VfB Stuttgart,Werder Bremen,62.1,18.9,19.0
2015,15,E Frankfurt,SV Darmstadt,70.1,21.7,8.2
2015,16,FSV Mainz,VfB Stuttgart,79.7,11.6,8.8
2015,16,Bayern Munich,FC Ingolstadt,99.2,0.5,0.3
2015,16,TSG Hoffenheim,Hannover,60.4,26.8,12.8
2015,16,Werder Bremen,FC K ln,40.9,33.1,26.0
2015,16,VfL Wolfsburg,Hamburger SV,91.1,5.9,3.0
2015,16,SV Darmstadt,Hertha BSC,12.1,37.1,50.7
2015,16,Bay Leverkusen,Bor M gladbach,18.2,27.9,53.9
2015,16,FC Augsburg,FC Schalke,17.1,21.4,61.5
2015,16,Bor Dortmund,E Frankfurt,97.9,1.4,0.7
2015,17,FC Schalke,TSG Hoffenheim,89.3,8.3,2.4
2015,17,FC Ingolstadt,Bay Leverkusen,4.4,12.9,82.7
2015,17,Hannover,Bayern Munich,0.9,1.2,98.0
2015,17,FC K ln,Bor Dortmund,2.6,5.9,91.5
2015,17,E Frankfurt,Werder Bremen,42.4,34.0,23.5
2015,17,Hamburger SV,FC Augsburg,52.5,28.0,19.5
2015,17,VfB Stuttgart,VfL Wolfsburg,6.4,11.7,82.0
2015,17,Hertha BSC,FSV Mainz,78.6,16.6,4.8
2015,17,Bor M gladbach,SV Darmstadt,92.2,6.1,1.7
2015,18,Hamburger SV,Bayern Munich,1.6,2.6,95.8
2015,18,FC Ingolstadt,FSV Mainz,22.6,40.1,37.3
2015,18,TSG Hoffenheim,Bay Leverkusen,6.9,11.4,81.7
2015,18,Hertha BSC,FC Augsburg,76.8,15.9,7.3
2015,18,Hannover,SV Darmstadt,61.2,27.7,11.1
2015,18,FC K ln,VfB Stuttgart,56.8,28.3,14.9
2015,18,Bor M gladbach,Bor Dortmund,18.0,27.9,54.0
2015,18,E Frankfurt,VfL Wolfsburg,10.7,15.2,74.1
2015,18,FC Schalke,Werder Bremen,89.0,7.2,3.8
2015,19,FSV Mainz,Bor M gladbach,10.8,20.6,68.6
2015,19,SV Darmstadt,FC Schalke,11.2,24.5,64.4
2015,19,Werder Bremen,Hertha BSC,35.5,31.2,33.3
2015,19,FC Augsburg,E Frankfurt,59.9,26.4,13.7
2015,19,Bay Leverkusen,Hannover,95.0,3.5,1.4
2015,19,Bor Dortmund,FC Ingolstadt,98.8,0.9,0.3
2015,19,VfB Stuttgart,Hamburger SV,64.8,23.3,12.0
2015,19,VfL Wolfsburg,FC K ln,87.8,8.9,3.3
2015,19,Bayern Munich,TSG Hoffenheim,98.8,0.9,0.3
2015,20,Bor M gladbach,Werder Bremen,81.8,11.5,6.7
2015,20,FC Schalke,VfL Wolfsburg,55.4,28.7,15.9
2015,20,FC Ingolstadt,FC Augsburg,32.3,43.0,24.7
2015,20,Hertha BSC,Bor Dortmund,6.1,12.9,81.0
2015,20,Hannover,FSV Mainz,29.0,26.8,44.2
2015,20,E Frankfurt,VfB Stuttgart,39.9,29.6,30.4
2015,20,Bay Leverkusen,Bayern Munich,9.3,12.3,78.4
2015,20,Hamburger SV,FC K ln,47.5,29.1,23.5
2015,20,TSG Hoffenheim,SV Darmstadt,60.6,23.3,16.1
2015,21,FSV Mainz,FC Schalke,17.3,27.7,55.0
2015,21,Bor Dortmund,Hannover,98.6,1.0,0.5
2015,21,SV Darmstadt,Bay Leverkusen,5.2,13.3,81.6
2015,21,Werder Bremen,TSG Hoffenheim,72.8,17.6,9.6
2015,21,VfB Stuttgart,Hertha BSC,44.7,32.4,22.9
2015,21,VfL Wolfsburg,FC Ingolstadt,83.8,12.1,4.1
2015,21,FC K ln,E Frankfurt,60.3,29.4,10.3
2015,21,Hamburger SV,Bor M gladbach,7.8,14.6,77.6
2015,21,FC Augsburg,Bayern Munich,1.6,4.2,94.1
2015,22,E Frankfurt,Hamburger SV,48.2,27.0,24.8
2015,22,Bayern Munich,SV Darmstadt,99.4,0.3,0.3
2015,22,FC Ingolstadt,Werder Bremen,40.0,31.2,28.8
2015,22,TSG Hoffenheim,FSV Mainz,32.9,24.1,43.0
2015,22,Hertha BSC,VfL Wolfsburg,42.4,29.5,28.1
2015,22,Bor M gladbach,FC K ln,82.7,11.8,5.5
2015,22,Bay Leverkusen,Bor Dortmund,10.0,27.0,63.0
2015,22,Hannover,FC Augsburg,32.2,27.5,40.4
2015,22,FC Schalke,VfB Stuttgart,56.7,22.2,21.1
2015,23,FC K ln,Hertha BSC,28.5,40.5,31.0
2015,23,Werder Bremen,SV Darmstadt,57.3,25.1,17.6
2015,23,VfB Stuttgart,Hannover,94.0,3.6,2.4
2015,23,Hamburger SV,FC Ingolstadt,59.5,29.3,11.1
2015,23,VfL Wolfsburg,Bayern Munich,3.4,7.4,89.2
2015,23,FC Augsburg,Bor M gladbach,10.1,20.6,69.2
2015,23,Bor Dortmund,TSG Hoffenheim,95.0,3.8,1.2
2015,23,FSV Mainz,Bay Leverkusen,19.4,27.3,53.3
2015,23,E Frankfurt,FC Schalke,23.5,23.3,53.2
2015,24,FC Ingolstadt,FC K ln,35.3,47.3,17.4
2015,24,Hannover,VfL Wolfsburg,10.5,14.7,74.8
2015,24,Bayern Munich,FSV Mainz,97.6,1.6,0.8
2015,24,SV Darmstadt,Bor Dortmund,1.0,3.3,95.7
2015,24,TSG Hoffenheim,FC Augsburg,55.6,29.6,14.7
2015,24,Hertha BSC,E Frankfurt,88.6,8.1,3.3
2015,24,Bor M gladbach,VfB Stuttgart,76.4,16.8,6.8
2015,24,Bay Leverkusen,Werder Bremen,87.8,7.0,5.2
2015,24,FC Schalke,Hamburger SV,70.1,21.2,8.8
2015,25,FC K ln,FC Schalke,25.5,31.9,42.6
2015,25,E Frankfurt,FC Ingolstadt,40.5,34.6,24.9
2015,25,Werder Bremen,Hannover,85.3,10.0,4.7
2015,25,FC Augsburg,Bay Leverkusen,30.3,24.1,45.6
2015,25,VfB Stuttgart,TSG Hoffenheim,56.3,26.0,17.7
2015,25,VfL Wolfsburg,Bor M gladbach,45.8,28.0,26.3
2015,25,Bor Dortmund,Bayern Munich,40.2,23.2,36.7
2015,25,FSV Mainz,SV Darmstadt,90.2,6.7,3.1
2015,25,Hamburger SV,Hertha BSC,17.6,25.7,56.8
2015,26,Hertha BSC,FC Schalke,35.1,37.5,27.5
2015,26,SV Darmstadt,FC Augsburg,22.8,40.1,37.0
2015,26,FC Ingolstadt,VfB Stuttgart,19.4,29.7,50.9
2015,26,TSG Hoffenheim,VfL Wolfsburg,13.6,13.6,72.8
2015,26,Hannover,FC K ln,22.0,22.3,55.7
2015,26,Bor M gladbach,E Frankfurt,92.1,4.7,3.2
2015,26,Bayern Munich,Werder Bremen,97.0,1.9,1.1
2015,26,Bay Leverkusen,Hamburger SV,69.3,18.2,12.5
2015,26,Bor Dortmund,FSV Mainz,93.2,5.0,1.8
2015,27,FC Schalke,Bor M gladbach,31.6,33.8,34.6
2015,27,Hertha BSC,FC Ingolstadt,89.5,9.1,1.4
2015,27,FC K ln,Bayern Munich,1.5,2.9,95.6
2015,27,Werder Bremen,FSV Mainz,33.8,29.2,37.0
2015,27,Hamburger SV,TSG Hoffenheim,52.9,25.8,21.3
2015,27,VfL Wolfsburg,SV Darmstadt,92.6,5.5,1.9
2015,27,E Frankfurt,Hannover,73.8,19.0,7.2
2015,27,VfB Stuttgart,Bay Leverkusen,48.1,26.7,25.2
2015,27,FC Augsburg,Bor Dortmund,1.9,4.3,93.8
2015,28,Bay Leverkusen,VfL Wolfsburg,66.2,23.7,10.1
2015,28,Bayern Munich,E Frankfurt,98.3,1.2,0.5
2015,28,SV Darmstadt,VfB Stuttgart,16.3,32.3,51.4
2015,28,FC Ingolstadt,FC Schalke,12.5,26.2,61.3
2015,28,FSV Mainz,FC Augsburg,81.8,13.1,5.1
2015,28,Hannover,Hamburger SV,17.6,22.1,60.3
2015,28,Bor Dortmund,Werder Bremen,97.7,1.4,0.9
2015,28,Bor M gladbach,Hertha BSC,70.6,21.8,7.6
2015,28,TSG Hoffenheim,FC K ln,63.5,21.8,14.8
2015,29,Hertha BSC,Hannover,93.5,3.9,2.6
2015,29,FC Ingolstadt,Bor M gladbach,6.1,17.1,76.8
2015,29,E Frankfurt,TSG Hoffenheim,29.7,37.2,33.1
2015,29,Werder Bremen,FC Augsburg,58.4,27.2,14.4
2015,29,VfB Stuttgart,Bayern Munich,2.6,4.3,93.1
2015,29,Hamburger SV,SV Darmstadt,60.5,28.6,10.9
2015,29,VfL Wolfsburg,FSV Mainz,65.2,19.6,15.2
2015,29,FC Schalke,Bor Dortmund,9.0,14.6,76.3
2015,29,FC K ln,Bay Leverkusen,13.1,23.1,63.8
2015,30,Hannover,Bor M gladbach,5.7,8.4,85.9
2015,30,SV Darmstadt,FC Ingolstadt,24.7,53.5,21.7
2015,30,TSG Hoffenheim,Hertha BSC,50.1,22.9,27.1
2015,30,Werder Bremen,VfL Wolfsburg,23.9,20.8,55.3
2015,30,FC Augsburg,VfB Stuttgart,43.5,30.8,25.8
2015,30,Bay Leverkusen,E Frankfurt,95.4,2.5,2.1
2015,30,Bayern Munich,FC Schalke,94.5,3.4,2.1
2015,30,Bor Dortmund,Hamburger SV,88.8,6.3,5.0
2015,30,FSV Mainz,FC K ln,79.4,15.5,5.0
2015,31,Hamburger SV,Werder Bremen,33.6,28.5,38.0
2015,31,FC Ingolstadt,Hannover,64.6,19.5,15.9
2015,31,Hertha BSC,Bayern Munich,1.5,3.8,94.7
2015,31,FC K ln,SV Darmstadt,56.4,32.4,11.2
2015,31,VfB Stuttgart,Bor Dortmund,4.0,6.0,90.0
2015,31,VfL Wolfsburg,FC Augsburg,79.3,15.3,5.5
2015,31,FC Schalke,Bay Leverkusen,21.9,29.0,49.1
2015,31,Bor M gladbach,TSG Hoffenheim,81.8,11.7,6.4
2015,31,E Frankfurt,FSV Mainz,21.6,20.6,57.8
2015,32,FC Augsburg,FC K ln,58.6,26.4,15.0
2015,32,Bayern Munich,Bor M gladbach,81.5,11.0,7.5
2015,32,SV Darmstadt,E Frankfurt,43.4,33.7,22.9
2015,32,FSV Mainz,Hamburger SV,79.4,13.1,7.5
2015,32,TSG Hoffenheim,FC Ingolstadt,73.1,17.6,9.3
2015,32,Hannover,FC Schalke,11.7,13.4,74.9
2015,32,Bor Dortmund,VfL Wolfsburg,95.8,3.0,1.2
2015,32,Bay Leverkusen,Hertha BSC,88.2,8.2,3.6
2015,32,Werder Bremen,VfB Stuttgart,56.6,27.0,16.4
2015,33,FC Schalke,FC Augsburg,81.1,11.8,7.0
2015,33,FC Ingolstadt,Bayern Munich,3.2,4.0,92.9
2015,33,Hertha BSC,SV Darmstadt,78.2,16.9,4.9
2015,33,Hannover,TSG Hoffenheim,17.6,21.4,61.0
2015,33,FC K ln,Werder Bremen,35.1,31.7,33.2
2015,33,E Frankfurt,Bor Dortmund,3.3,4.6,92.1
2015,33,VfB Stuttgart,FSV Mainz,44.7,22.7,32.6
2015,33,Hamburger SV,VfL Wolfsburg,43.6,29.7,26.6
2015,33,Bor M gladbach,Bay Leverkusen,55.0,27.9,17.2
2015,34,Bayern Munich,Hannover,97.4,1.3,1.3
2015,34,SV Darmstadt,Bor M gladbach,7.1,17.0,75.9
2015,34,FSV Mainz,Hertha BSC,67.8,23.8,8.4
2015,34,TSG Hoffenheim,FC Schalke,31.9,26.3,41.8
2015,34,Werder Bremen,E Frankfurt,66.4,20.4,13.2
2015,34,FC Augsburg,Hamburger SV,68.8,22.5,8.6
2015,34,VfL Wolfsburg,VfB Stuttgart,67.0,11.9,21.1
2015,34,Bay Leverkusen,FC Ingolstadt,93.8,4.8,1.4
2015,34,Bor Dortmund,FC K ln,94.9,3.7,1.4
